# depth fanout sim_tree sim_bs, units in seconds
2 3 0.123845 0.028159 
2 3 0.126814 0.030853
2 3 0.124169 0.0278
2 3 0.123507 0.028999
2 3 0.128162 0.028081

2 4 0.189677 0.048988
2 4 0.205011 0.047199
2 4 0.189998 0.048881
2 4 0.189071 0.050008
2 4 0.188693 0.049269

3 3 0.513689 0.07612
3 3 0.501144 0.077501
3 3 0.509246 0.074974
3 3 0.502331 0.074376
3 3 0.503479 0.075205

3 4 0.610129 0.176989
3 4 0.617389 0.177945
3 4 0.607909 0.176679
3 4 0.61142 0.180966
3 4 0.610781 0.178908

4 3 1.08291 0.222143
4 3 1.0564 0.223292
4 3 1.05529 0.220922
4 3 1.06558 0.222787
4 3 1.05262 0.227693